9.0 -810.0
9.0 -5.0
1920.0 -5.0
1920.0 -810.0
9.0 -810.0
652.0 -723.0
960.0 -723.0
960.0 -804.0
662.0 -804.0
9.0 -810.0
1920.0 -810.0
1920.0 -5.0
9.0 -5.0
28.0 -804.0
316.0 -804.0
316.0 -631.0
335.0 -631.0
335.0 -804.0
643.0 -804.0
643.0 -723.0
480.0 -723.0
480.0 -626.0
499.0 -626.0
499.0 -712.0
633.0 -712.0
633.0 -712.0
643.0 -712.0
643.0 -626.0
652.0 -626.0
652.0 -712.0
969.0 -712.0
969.0 -799.0
969.0 -804.0
1113.0 -804.0
1113.0 -626.0
1267.0 -626.0
1267.0 -448.0
1286.0 -448.0
1286.0 -626.0
1583.0 -626.0
1583.0 -540.0
1603.0 -540.0
1603.0 -631.0
1132.0 -631.0
1132.0 -799.0
1132.0 -804.0
1267.0 -804.0
1267.0 -718.0
1286.0 -718.0
1286.0 -804.0
1430.0 -804.0
1430.0 -718.0
1603.0 -723.0
1603.0 -718.0
1603.0 -723.0
1449.0 -723.0
1440.0 -723.0
1440.0 -804.0
1747.0 -804.0
1747.0 -718.0
1900.0 -718.0
1920.0 -718.0
1920.0 -810.0
28.0 -810.0
662.0 -804.0
960.0 -804.0
960.0 -723.0
652.0 -723.0
662.0 -804.0